GenePairs,frac.of.var.tissue,frac.of.var.species,frac.of.var.residual
TGIF2LY_Tgif2lx1,0.900664408185552,6.51545271878631e-06,0.0993290763617295
TMSB4Y_Tmsb4x,2.9286691707352e-17,0.830852410940482,0.169147589059518
TBL1Y_Tbl1x,0,0.93661874428255,0.0633812557174498
DDX3Y_Ddx3y,0.209290268047716,0,0.790709731952283
USP9Y_Usp9y,0.154125726609581,0.317740315996545,0.528133957393874
UTY_Uty,0.228858806820869,0,0.771141193179131
KDM5D_Kdm5d,0.168949089583932,0,0.831050910416068
EIF1AY_Eif1a,0,0.466901683060611,0.533098316939389
NCAM2_Ncam2,0.213083988287059,0.484981388174128,0.301934623538814
MORC3_Morc3,0.189528920266191,0.4240253425313,0.386445737202509
CHODL_Chodl,0.321655623071418,0.140934601228129,0.537409775700453
CBR1_Cbr1,0.176979774004042,0.622820313440477,0.200199912555481
SIM2_Sim2,0.0336156702206376,0.0389054050068237,0.927478924772539
RIPPLY3_Ripply3,0.0403812734708801,0.656272439527629,0.303346287001491
RRP1B_Rrp1b,0.576751973858688,0,0.423248026141312
AGPAT3_Agpat3,7.86889732920821e-17,0.953095933886266,0.0469040661137341
TPTE_Tpte,0.936887469610766,0.00357695943200557,0.0595355709572283
PCP4_Pcp4,0.414916313868802,0,0.585083686131198
DSCAM_Dscam,0.725513709001362,0.141557237993238,0.132929053005401
RIPK4_Ripk4,0.495654588853592,0.212116386785368,0.29222902436104
TFF2_Tff2,0,0.282204364201244,0.717795635798756
TFF1_Tff1,0,0,1
UBASH3A_Ubash3a,0.257469752345116,0.250545140824464,0.49198510683042
OLIG1_Olig1,0.492250647259196,0.207779876976565,0.299969475764239
UMODL1_Umodl1,0.639564550427528,0.0883893755943075,0.272046073978165
MCM3AP_Mcm3ap,0.0173693655060087,0.73037519247341,0.252255442020581
MZT1_Mzt1,0.655598200632845,0.0745747120571408,0.269827087310014
ERICH6B_Erich6b,0.497133269961189,0.29411134776725,0.208755382271561
KLHL1_Klhl1,0.689081642619245,3.87656510123711e-16,0.310918357380755
TTC3_Ttc3,0.375994162012838,0.262576528496464,0.361429309490698
FREM2_Frem2,0.0644062244271838,0.162144886013784,0.773448889559032
POU4F1_Pou4f1,0.359035076731617,0.232857470099177,0.408107453169205
NHLRC3_Nhlrc3,0.183688017301099,0,0.816311982698901
OLFM4_Olfm4,0.092688046566048,0.359547654661524,0.547764298772428
DIAPH3_Diaph3,0.69717347538515,0.0032805902531911,0.299545934361659
PCNT_Pcnt,0.0917804552656445,0.727666531020472,0.180553013713884
SON_Son,0.100364555408623,0.82554549628914,0.0740899483022363
PCDH17_Pcdh17,0.570775663275985,0.12351029514447,0.305714041579544
LRCH1_Lrch1,0.38455834021175,6.7895283698866e-11,0.615441659720355
SLITRK6_Slitrk6,0.0935159466586804,0,0.90648405334132
MYO16_Myo16,0.323650285570263,0,0.676349714429737
NRIP1_Nrip1,0.306815289371498,0.323245195247363,0.369939515381139
RCAN1_Rcan1,0.470471235535506,0.06466205992162,0.464866704542874
IRS2_Irs2,0,0,1
SPACA7_Spaca7,0.876901145927916,1.30370027583034e-09,0.123098852768384
UBL3_Ubl3,0.284099266087645,0.358090634366065,0.35781009954629
GRIK1_Grik1,0.786208556123178,1.86104249658222e-09,0.213791442015779
FAM216B_Fam216b,0.723800371550816,0.1190755933737,0.157124035075484
KCNRG_Kcnrg,0.655446988649191,3.04313950211376e-10,0.344553011046495
FAM124A_Fam124a,0.0910381277593803,0.526858903987421,0.382102968253198
ZAR1L_Zar1l,0.121997060204734,1.78256246384239e-10,0.87800293961701
MRPS6_Mrps6,0.30198587183647,0.45503050667671,0.24298362148682
RFXAP_Rfxap,0.122819854919373,0.705433543633598,0.171746601447029
SIAH3_Siah3,0.380411637251184,2.50823497922961e-09,0.619588360240581
SLC5A3_Slc5a3,0.518191255999095,0.385566113281371,0.0962426307195333
KCNE2_Kcne2,0,0,1
CYYR1_Cyyr1,0.506535166951254,0.221518510423107,0.271946322625638
RAP2A_Rap2a,0.422310677216107,0.00353801794754014,0.574151304836353
SHISA2_Shisa2,0.246609731585252,0.321767546264857,0.431622722149892
RXFP2_Rxfp2,0.257853131776511,0.493073854422689,0.2490730138008
FRY_Fry,0.400850743631477,0.367800598763684,0.231348657604839
UTP14C_Utp14b,0,0.615009696172667,0.384990303827333
CCDC70_Ccdc70,0.95619280765559,0.0017423279915296,0.0420648643528803
GPR18_Gpr18,0,0,1
TNFSF13B_Tnfsf13b,0.490852753621015,9.15797921301784e-11,0.509147246287406
ATP8A2_Atp8a2,0.596557361058312,0.0930499518108959,0.310392687130792
SACS_Sacs,0.431674272150664,0.429785909264905,0.138539818584431
AKAIN1_Akain1,0.413338054115654,0.0149593758551756,0.57170257002917
SLC14A2_Slc14a2,0.533929841878086,0.211953585071915,0.25411657305
CLN5_Cln5,0.0327597385884935,0.862432431583138,0.104807829828368
HRH4_Hrh4,0.299284350885338,0,0.700715649114662
SERPINE3_Serpine3,0.0359286896903303,0.523394247377751,0.440677062931918
ST8SIA3_St8sia3,0.793418192483852,0.0156257922824625,0.190956015233686
METTL21C_Mettl21c,0.0823171951223435,0.18972768328231,0.727955121595346
SLC10A2_Slc10a2,0.431522223637328,0.14514893906593,0.423328837296742
CDH7_Cdh7,0.777267372297667,2.59132646889475e-11,0.22273262767642
ZIC2_Zic2,0.70714954753388,9.93345630304679e-11,0.292850452366785
ZIC5_Zic5,0.709485703390717,0.0876328451460525,0.202881451463231
MC4R_Mc4r,0.37816648763889,0,0.62183351236111
NBEA_Nbea,0.621188534051152,0.142950883527757,0.235860582421091
CDH20_Cdh20,0.623469926148198,0.00656856614038082,0.369961507711421
C18orf21_2700062C07Rik,0.115440834953249,0,0.884559165046751
SLC39A6_Slc39a6,0.422035347685788,0.399477425256953,0.178487227057259
FGF9_Fgf9,0.56626835719874,0,0.43373164280126
GALR1_Galr1,0.192308036236858,0.00808884137617,0.799603122386972
ADPRHL1_Adprhl1,0.480376333930801,0.0180762913815762,0.501547374687623
MBP_Mbp,0.796383214949748,0.0633579752181691,0.140258809832083
TNFSF11_Tnfsf11,0,0,1
ALG11_Alg11,0,0.775267170654988,0.224732829345012
LRRC63_Lrrc63,0.632054443122376,0,0.367945556877624
PCDH20_Pcdh20,0.381086554235817,0,0.618913445764183
RNF17_Rnf17,0.794080885374273,0.0878412743170023,0.118077840308724
NDFIP2_Ndfip2,0.0837563384130869,0.533836560931062,0.382407100655851
ATP4B_Atp4b,0.247837464364751,0.137056186107281,0.615106349527968
DLEU7_Dleu7,0.309493859688296,0.126848586542932,0.563657553768772
SLAIN1_Slain1,0.60555525458165,0.010407551072218,0.384037194346132
MEX3C_Mex3c,0.681856972296355,0.081538452927744,0.236604574775901
ONECUT2_Onecut2,0.790525056661142,0,0.209474943338858
PTPRM_Ptprm,0.543674696388206,0.0876257235856615,0.368699580026133
KL_Kl,0.370700884315882,0.323950234602414,0.305348881081704
PCDH8_Pcdh8,0.656580030760146,0.0375874743406184,0.305832494899236
DACH1_Dach1,0.477371874382185,0.0387297496875875,0.483898375930228
NUFIP1_Nufip1,0.553476208960401,0.016942705984917,0.429581085054682
APCDD1_Apcdd1,0.590783823956378,0.156593511920377,0.252622664123246
AMER2_Amer2,0.548260909257208,0.17674504739226,0.274994043350533
SOHLH2_Sohlh2,0.501430910497372,0,0.498569089502628
BCL2_Bcl2,0.38096624791347,0.350981332835044,0.268052419251486
CCDC169_Ccdc169,0.685221802395288,0,0.314778197604712
CIDEA_Cidea,0.171106654389209,0.344395828370315,0.484497517240476
DSC3_Dsc3,0.194267970771641,0.0416308469188846,0.764101182309474
DSC1_Dsc1,0,0,1
GPC6_Gpc6,0,0.245830194860037,0.754169805139963
DSG1_Dsg1b,0.198640653976996,4.25306931826361e-10,0.801359345597697
DCT_Dct,0,0.37874666612766,0.621253333872341
PSMA8_Psma8,0.679924200582903,0.118502285170578,0.201573514246519
HS6ST3_Hs6st3,0.175089501679691,0,0.824910498320309
NFATC1_Nfatc1,0.184354691430115,0.438129436840814,0.377515871729071
TUBA3C_Tuba3b,0.726295455907303,0,0.273704544092697
GPC5_Gpc5,0.350217373095073,0.0381389549213778,0.611643671983549
URAD_Urah,0.079630882997002,0.704541452259489,0.215827664743509
BRCA2_Brca2,0.277551674616996,0.649834887583963,0.0726134377990406
ING1_Ing1,0.288793062113932,0.602468716476218,0.10873822140985
GTF3A_Gtf3a,0,0.0480004615055095,0.95199953849449
LAMA3_Lama3,0.535602763620241,2.56037538555752e-09,0.464397233819384
C13orf46_1700029H14Rik,0.34020353974587,0,0.65979646025413
C13orf42_Gm4131,0.777593441813263,0,0.222406558186736
GNAL_Gnal,0.621941211301823,0.089904434036258,0.288154354661919
MEP1B_Mep1b,0.0923844514094573,0.0168936500371965,0.890721898553346
LOXHD1_Loxhd1,0.444699092518223,0.179620936998242,0.375679970483535
SERPINB13_Serpinb13,0.814879567801345,0,0.185120432198655
SERPINB4_Serpinb3a,0.87374715045513,0.00101162487085912,0.125241224674011
SERPINB11_Serpinb11,0.511878616318657,1.9121723873051e-08,0.48812136455962
SERPINB12_Serpinb12,0,0,1
PRELID3A_Prelid3a,0.739069233696519,1.49000143256053e-09,0.26093076481348
RAB12_Rab12,0.643833067001142,0,0.356166932998858
TXNL4A_Txnl4a,0,0,1
RBFA_Rbfa,0.0411176350977821,0.903479171771541,0.0554031931306771
PARD6G_Pard6g,0.384764896625651,5.72998763360334e-10,0.61523510280135
WDR7_Wdr7,0.449336352336441,0.428893345788175,0.121770301875385
TXNDC2_Txndc2,0.76421666757845,0.0108990315275286,0.224884300894021
PIEZO2_Piezo2,0.134111243175272,0.319441939827869,0.546446816996859
CCDC178_Ccdc178,0.308997688460819,0.460673596290097,0.230328715249084
STARD6_Stard6,0.594241028006687,0.0911429018773566,0.314616070115957
GRP_Grp,0.850808972484234,0,0.149191027515766
SIGLEC15_Siglec15,0.338896035561965,0.0110643472921909,0.650039617145844
ASXL3_Asxl3,0.255909763429533,0.350301323664545,0.393788912905923
ZNF519_Zfp941,0.397485576987345,1.15350363326922e-10,0.602514422897304
CHMP1B_Chmp1b,0.0793216062715337,0.719346532308977,0.201331861419489
TSHZ1_Tshz1,0.376327560146836,0.146187340674382,0.477485099178782
ZNF236_Zfp236,0.0563369293145329,0.847761704757098,0.095901365928369
DLGAP1_Dlgap1,0.319343469411626,0.376673101551776,0.303983429036598
ITSN1_Itsn1,0.052473768827254,0.89565174119737,0.051874489975376
DCC_Dcc,0.301125330025824,0,0.698874669974176
ADRA1D_Adra1d,0.264989363799392,0.526051267055666,0.208959369144942
DEFB129_Defb23,0,0,1
DEFB125_Defb26,0,0,1
DEFB128_Defb20,0.316001127932572,0,0.683998872067428
ROCK1_Rock1,0.342165855253429,0.137239728508417,0.520594416238155
BTBD3_Btbd3,0.562516856162464,0.073552516738584,0.363930627098952
ISM1_Ism1,0.0664242507456029,0,0.933575749254397
SCRT2_Scrt2,0.709964588546193,0.0744122400285638,0.215623171425243
DEFB127_Defb22,0.254591881554555,1.71243610241183e-10,0.745408118274201
FAM83D_Fam83d,0.271224861980668,0,0.728775138019332
KCNB1_Kcnb1,0.00764404496943739,0.403891704925481,0.588464250105081
CBLN4_Cbln4,0.300897969207743,0.23219307345615,0.466908957336107
RBBP8NL_Rbbp8nl,0.388154579258692,0.0825211646064547,0.529324256134853
PMEPA1_Pmepa1,0.357653567242692,0.340252419516336,0.302094013240972
SALL4_Sall4,0.335267525681516,0,0.664732474318484
CDH4_Cdh4,0.267535464863217,0.356572513413567,0.375892021723216
SS18L1_Ss18l1,0.145784922899236,0.026614086096316,0.827600991004448
SYCP2_Sycp2,0.345116793403542,0.540426262634324,0.114456943962133
LAMA5_Lama5,0.242997178974106,0.655402815184391,0.101600005841503
TP53TG5_Trp53tg5,0.189538399939742,0.402786664767701,0.407674935292557
TUBB1_Tubb1,0.624562836064413,0,0.375437163935587
C20orf173_6430550D23Rik,0.119642777041596,0.821548821654696,0.0588084013037085
FTCD_Ftcd,0.716954089480732,3.13353310137741e-11,0.283045910487932
FITM2_Fitm2,0.382928857795277,0.125543033556604,0.491528108648118
GTSF1L_Gtsf1l,0.785777598099535,0.0137226509897727,0.200499750910692
OSM_Osm,0.478590958556589,0.132837761724754,0.388571279718657
R3HDML_R3hdml,0.284236950404207,0.0348517205036935,0.680911329092099
NCF4_Ncf4,0.364482402324514,0,0.635517597675486
NKAIN4_Nkain4,0,0.723699359680884,0.276300640319116
CHRNA4_Chrna4,0.338404452799503,0.300946104870777,0.360649442329719
CACNA1I_Cacna1i,0.481557832796689,0.405309444448935,0.113132722754377
MKKS_Mkks,0.157988735416164,0.0637053839284967,0.778305880655339
COL6A1_Col6a1,0.606203151425935,0.00704215831238545,0.38675469026168
XKR7_Xkr7,0.454666967054889,0.241914416560925,0.303418616384186
PLAGL2_Plagl2,0.445592446455546,0.0854938038913254,0.468913749653129
OXT_Oxt,0,0.341222271595853,0.658777728404147
OVOL2_Ovol2,0.580970143931706,0.226580556458424,0.192449299609871
HLCS_Hlcs,1.16770472187204e-09,0.489691481017877,0.510308517814418
PET117_Pet117,0.014545641420634,0.952517404852052,0.0329369537273135
CLDN14_Cldn14,0.305167235286172,0.0621914869610696,0.632641277752759
SNX21_Snx21,0.0792395658773986,0.826035457141387,0.0947249769812145
ENTHD1_Enthd1,0.866580292119109,0,0.133419707880891
ABCG1_Abcg1,0.751854435382261,1.3619376375717e-10,0.248145564481545
LIF_Lif,0.833001628837705,0.00117203451193616,0.165826336650358
TRIOBP_Triobp,0.213052257705606,0.719143465487047,0.0678042768073465
C20orf144_1700003F12Rik,0.201819922423002,0.506227200908534,0.291952876668463
BANF2_Banf2,0.944941923838523,2.32484787074746e-06,0.0550557513136064
TOP1_Top1,0.066322745840009,0.522777253525675,0.410900000634316
PRND_Prnd,0.420986552154722,0.187055943750227,0.391957504095051
RTL6_Rtl6,0.706036122988044,0.0518563302841894,0.242107546727767
SLPI_Slpi,0.516881059765628,0.225697581008918,0.257421359225453
SPINT3_Spint3,0.261829019406153,0,0.738170980593847
SHISAL1_Shisal1,0.636097921946833,0.117623328341296,0.246278749711871
SIK1_Sik1,0.0291925192222362,0.878303121285208,0.0925043594925557
EPPIN_Eppin,0.796287392588378,0.0644408849933553,0.139271722418267
WFDC3_Wfdc3,0.578009606687258,0.234681086941138,0.187309306371604
RUNX1_Runx1,0.678194188572188,0,0.321805811427812
CRYBA4_Cryba4,0.0980866079554204,0.628401575723089,0.273511816321491
TNNC2_Tnnc2,0.0592985617392324,0,0.940701438260768
LRRC3_Lrrc3,0.261541410746183,0.191652783861609,0.546805805392208
C2CD2_C2cd2,3.09254462160731e-10,0.52699629973593,0.473003699954816
NTSR1_Ntsr1,0.595987064633741,8.55592993561676e-11,0.404012935280699
DEFB132_Defb15,0.118491772670486,0.362647773197448,0.518860454132066
FAM210B_Fam210b,0.112334395775587,0.183834039409739,0.703831564814674
MYO18B_Myo18b,0.555922940179858,0.303207244784708,0.140869815035434
FAM209A_Fam209,0.779893820678437,0.0237399170999442,0.196366262221619
ZNFX1_Znfx1,0.147811923614237,0.714314016694916,0.137874059690848
TFF3_Tff3,0.42636557630219,0.0314156322763164,0.542218791421494
IL10RB_Il10rb,5.71567615274879e-09,0.903050208614356,0.0969497856699679
HCK_Hck,0.391796478977618,0,0.608203521022382
TCP10L_Tcp10a,0.583510412271777,0.191881939193361,0.224607648534862
RBM11_Rbm11,0.484348445598484,0.249617128021457,0.266034426380058
TRPM2_Trpm2,0.241307890367704,0.280585065055454,0.478107044576843
PCDH9_Pcdh9,0.601607665288451,0.00982089969803669,0.388571435013513
NEURL2_Neurl2,0,0.644485465397042,0.355514534602958
WFDC13_Wfdc13,0.33196710888629,0,0.66803289111371
TMEM239_Tmem239,0.606364888066666,0,0.393635111933334
TCF15_Tcf15,0.412854705187017,0.330248838043597,0.256896456769385
SPATA25_Spata25,0.1584603784309,0.326895150446294,0.514644471122806
SRMS_Srms,0,0.740985288967818,0.259014711032182
ZNF831_Zfp831,0.187767805236787,0,0.812232194763213
CBFA2T2_Cbfa2t2,0.311640832718358,0.568441070857803,0.119918096423839
MICAL3_Mical3,0.0680457130972556,0.868379458427194,0.0635748284755504
HSPA13_Hspa13,0.0823225994121469,0.759731862662745,0.157945537925108
LTN1_Ltn1,0.27836055835015,0.0990224880508647,0.622616953598986
CSTL1_Cstl1,0.597080211544194,0.013028359122027,0.389891429333779
SLC13A3_Slc13a3,0.872457112269553,0.07307336040115,0.0544695273292973
UBE2G2_Ube2g2,0.00801928130162914,0.745848784375339,0.246131934323032
ACR_Acr,0.482385621115306,0.288540415672267,0.229073963212427
SLC12A5_Slc12a5,0.3277371074986,0.61842923289884,0.0538336596025605
CELSR1_Celsr1,0.0324223475545684,0.316595961544919,0.650981690900513
TRAPPC10_Trappc10,0,0.940005819660263,0.059994180339737
PARVB_Parvb,0.632183397418327,0.0171000220581863,0.350716580523486
KAT14_Kat14,0,0.707110859117291,0.292889140882708
FAM9B_Gm14692,0.776979427962083,0.0243115742191194,0.198708997818797
SNU13_Snu13,0.833365281014149,0.0202847495245792,0.146349969461272
TGM3_Tgm3,0.196569640840598,0.140105064176587,0.663325294982815
GRPR_Grpr,0.279498647389646,0,0.720501352610354
UBE2L5_Ube2l3,0.00348900238421422,0.935417274760753,0.061093722855033
CCDC188_Ccdc188,0.513414267601675,0.0663269978432873,0.420258734555037
SLC32A1_Slc32a1,0.887310842525841,3.05552563575602e-08,0.112689126918903
CNBD2_Cnbd2,0.284275467803748,0.603007574094577,0.112716958101675
RTN4R_Rtn4r,0.0517972550018832,0.254094496499619,0.694108248498498
KCNJ6_Kcnj6,0.591176469072381,0.0392297272166212,0.369593803710998
CNKSR2_Cnksr2,0.778748959998264,0.0080997130793357,0.213151326922401
RRP1_Rrp1,0.0337107767652897,0.908113025756975,0.0581761974777358
TXNRD2_Txnrd2,0.0821476055698953,0.832769294709671,0.0850830997204335
TAF4_Taf4,0.00860927957576641,0.710459580705932,0.280931139718301
WFDC8_Wfdc8,0.469971995776765,0.00707490894653887,0.522953095276696
ADIG_Adig,0.106871432522641,0.634272129043414,0.258856438433945
FASTKD5_Fastkd5,0,0.819893150959347,0.180106849040653
TP53RK_Trp53rka,0.105559361147982,0.575652750014014,0.318787888838004
ANKRD60_Ankrd60,0.614030510421068,0.111717445124484,0.274252044454448
SUN5_Sun5,0.915135828354976,0.00572247139599945,0.0791417002490242
BPIFB4_Bpifb4,0.0427656711133795,0.0725429979219984,0.884691330964622
BPIFA2_Bpifa2,0.368092231778002,0,0.631907768221998
BPIFA3_Bpifa3,0.909664022523724,0.00954764594311744,0.0807883315331591
BPIFB3_Bpifb3,0.786168755448542,0.05534066577949,0.158490578771968
FGF14_Fgf14,0.339655924950387,0.132454301932092,0.527889773117521
AHCY_Ahcy,0.261878410175446,0.325363662910777,0.412757926913777
KLF5_Klf5,0.865176401623768,0,0.134823598376232
RUBCNL_Rubcnl,0,0,1
GINS1_Gins1,0.451335033720035,0.0774080203018444,0.471256945978121
DYRK1A_Dyrk1a,0.0986689340753112,0.745613777992388,0.155717287932301
SMIM26_Smim26,0,0.582331314619308,0.417668685380692
PANX2_Panx2,0.40043851386827,0,0.59956148613173
SLC15A1_Slc15a1,0,0,1
HMOX1_Hmox1,0.749042191553366,0,0.250957808446634
SPO11_Spo11,0.537279234856817,0.359531175605338,0.103189589537845
CACNG2_Cacng2,0.747441620749856,0,0.252558379250144
SLC5A4_Slc5a4a,0.284461438474565,0.239272597110254,0.476265964415181
APOBEC3H_Apobec3,0.0342435497315429,0.767876809994691,0.197879640273766
RBM38_Rbm38,0.404954571557348,0.434242895864047,0.160802532578605
DEFB123_Defb36,0.701171867701886,0.115483850117148,0.183344282180966
DEFB124_Defb25,0.438477426830156,0,0.561522573169844
NOL4L_Nol4l,0.485324311135874,0.194574258195191,0.320101430668934
SPATA13_Spata13,0.269678041922615,0.378609670706016,0.351712287371369
KCNS1_Kcns1,0.612896085217344,0.0949533936717662,0.29215052111089
CCDC116_Ccdc116,0.386659822976056,0.514464799044237,0.0988753779797065
S100G_S100g,2.10715778889221e-16,0.426139208721794,0.573860791278206
WFDC12_Wfdc12,0.0306565046535353,0.116174811490712,0.853168683855752
SEMG2_Svs3b,0,0,1
PPIL2_Ppil2,0.0134275519413438,0.959514683276303,0.0270577647823533
DEFB118_Defb21,0.851071732454934,1.20658762342602e-10,0.148928267424407
DEFB119_Defb19,0.525986787967389,0.102391256651846,0.371621955380765
WFDC5_Wfdc5,0,0,1
EBF4_Ebf4,0.704980210080489,0,0.295019789919511
CDKL5_Cdkl5,0.686591757585354,0,0.313408242414646
TTLL9_Ttll9,0.593694362480223,0.275253715505962,0.131051922013815
F10_F10,0.524733847341935,0.221124857476726,0.25414129518134
YPEL1_Ypel1,0.483092865168118,0.167226302865742,0.34968083196614
EMILIN3_Emilin3,0.439306624133159,0.199172061366536,0.361521314500305
SAMD10_Samd10,0.0586156592932134,0.859955464495368,0.0814288762114185
NEFH_Nefh,0.885035201612876,0.0508299708704427,0.0641348275166814
GPR183_Gpr183,0.143584975805516,0.667539173771453,0.188875850423031
SEL1L2_Sel1l2,0.63166855428596,0.0467617433339689,0.321569702380071
FLT3_Flt3,0.0454542072189345,0.0744856926925072,0.880060100088558
SEC14L2_Sec14l2,0.676623792555749,0.0745539561322371,0.248822251312014
MACROD2_Macrod2,0.240982895237642,0.576224059661052,0.182793045101306
TSC22D1_Tsc22d1,0.150689642147014,0.524038679078196,0.32527167877479
AKAP4_Akap4,0.890769506547194,0,0.109230493452805
OXGR1_Oxgr1,0.374640997037277,0.228551774297758,0.396807228664965
PIGP_Pigp,0,0.938454299398703,0.0615457006012973
JADE3_Jade3,0.050008623699606,0.788396635493505,0.161594740806889
L3MBTL1_L3mbtl1,0.372324005876244,0.0750527416308301,0.552623252492926
STOML3_Stoml3,0.637705925222769,0,0.362294074777231
GPR12_Gpr12,0.47277920913259,0.112705869819076,0.414514921048334
GGACT_Ggact,0.0289759147292475,0.916063766699542,0.0549603185712105
CPB2_Cpb2,0.629298152215684,0.00998792851780683,0.360713919266509
GSC2_Gsc2,0.901340148769296,0.0206579161841072,0.078001935046597
FGF16_Fgf16,1.48151802969081e-18,0.344051831506676,0.655948168493324
RSPH14_Rsph14,0.43132739671223,2.70183605715395e-10,0.568672603017586
CPXCR1_Cpxcr1,0.998880494546225,3.12766045140126e-08,0.0011194741771704
PABPC5_Pabpc5,0.100590393143795,0.788271210402476,0.111138396453729
TIAM1_Tiam1,0.764834452897987,0.00034140739716525,0.234824139704848
ARL13A_Arl13a,0.463918196817305,0.331110125910418,0.204971677272277
EIF3L_Eif3l,0.28919862804858,0.595194764669395,0.115606607282025
BRWD3_Brwd3,0.0101652921077495,0.753673889895916,0.236160817996334
NANP_Nanp,0,0.0313842999443434,0.968615700055657
DNAJC15_Dnajc15,0.15254195338765,0.0651860763212974,0.782271970291053
SERP2_Serp2,0.538966420414169,1.871623753062e-09,0.461033577714207
EDA_Eda,0.270389409545077,0,0.729610590454923
KLF12_Klf12,0.250988392115244,0.322063058397113,0.426948549487642
PLCB1_Plcb1,0.557443360159026,0.0112281071803587,0.431328532660615
CRYL1_Cryl1,0.337512270702656,0.282384230474784,0.38010349882256
RGCC_Rgcc,0.53488526142439,0.0540054999069628,0.411109238668647
TCF20_Tcf20,0.423392959012348,0.43736479526186,0.139242245725793
F7_F7,0.490264117309404,0.106040435707305,0.403695446983291
SYCE3_Syce3,0.625691649700146,0.0599017377857532,0.314406612514101
XK_Xk,0.550306063879996,0,0.449693936120004
ARHGAP6_Arhgap6,0.237760920364592,2.64527205795317e-19,0.762239079635408
CLDN5_Cldn5,0.406955508027024,0.181870666048521,0.411173825924455
FAM227A_Fam227a,0.334119418958907,0.434926729344673,0.23095385169642
C21orf91_D16Ertd472e,0.50649591553754,0.0966572398039421,0.396846844658517
PPM1F_Ppm1f,0.137829632273755,0.660110553290584,0.20205981443566
LMO7_Lmo7,0.270594748388197,0.305841420052491,0.423563831559312
CCNB3_Ccnb3,0.363735466278458,0.439416523895117,0.196848009826426
CBR3_Cbr3,0.421670967756896,0.296934374141425,0.281394658101678
CFAP298_Cfap298,0.28154770649999,0.634997250388717,0.0834550431112927
POU3F4_Pou3f4,0.220174464494525,0,0.779825535505475
CYLC1_Cylc1,0.871671404561149,0.0142471574336817,0.114081438005169
RIPPLY1_Ripply1,0.386672993250861,0,0.613327006749139
TSHZ2_Tshz2,0.238076921213482,0.371226313237417,0.390696765549102
ZNF217_Zfp217,0.755569478583274,0.00454286482434113,0.239887656592385
SHISA8_Shisa8,0.0702382713278495,0.509435997509488,0.420325731162663
PTPRT_Ptprt,0.810068789909415,6.09790582746289e-11,0.189931210029606
CRYBB3_Crybb3,0.046535160945723,0.830059648561515,0.123405190492762
SELENOO_Selenoo,0.149342622108888,0.71358563524314,0.137071742647973
TTC28_Ttc28,0.729933464801862,6.30206536279285e-11,0.270066535135117
PANK2_Pank2,0.316776063308535,0.550004990010082,0.133218946681382
ASB12_Asb12,0.666633463518766,0,0.333366536481235
GSTT4_Gstt4,0.657239329850503,0.168846150528441,0.173914519621056
AMER1_Amer1,0.231199639270831,0.0265829461040601,0.742217414625109
PRDM15_Prdm15,0.0228424705404735,0.907951494873285,0.0692060345862412
BPIFC_Bpifc,0.144251039137734,0.355263387357028,0.500485573505238
ADM2_Adm2,0.510456231783425,0,0.489543768216575
LDOC1_Ldoc1,0.0740171224289178,0.867060304510493,0.0589225730605894
TMEM121B_Tmem121b,0.672310240470745,0,0.327689759529255
KCNK15_Kcnk15,0.0771649091804444,0.427662036614653,0.495173054204903
RIMS4_Rims4,0.533385694694087,0.0798083341881009,0.386805971117812
PNMA6F_Gm45015,0,0,1
LRRC74B_Lrrc74b,0.368713165395077,0.370638718611331,0.260648115993592
PDYN_Pdyn,0.663890667755458,0,0.336109332244542
ZNF280B_Zfp280b,0.0577833962228065,0.441467822979058,0.500748780798136
F8_F8,0,0.890669762486444,0.109330237513556
GGTLC2_Ggt1,0,0.649385813828658,0.350614186171342
AFF2_Aff2,0.267584027585566,1.84297779051658e-09,0.732415970571456
BMP7_Bmp7,0,0.430352265395086,0.569647734604914
SLC35E4_Slc35e4,0.0654048213682218,0.638582957758828,0.29601222087295
MCHR1_Mchr1,0.174227558782456,0,0.825772441217544
EFCAB8_Efcab8,0.403497534882376,0.467168339311136,0.129334125806487
DDX17_Ddx17,0.138945778494164,0.705534109872813,0.155520111633023
SOD1_Sod1,0.0919238396347828,0.796817824662849,0.111258335702368
ADGRG4_Adgrg4,0,0,1
TMC2_Tmc2,0.308080405510394,0.387224819940319,0.304694774549287
RAB39B_Rab39b,0.634494444274628,0.0115084805935289,0.353997075131843
NAP1L3_Nap1l3,0.358391901274822,0.246251780442868,0.395356318282309
ALOX5AP_Alox5ap,0.575847554029661,0.0342975080783897,0.38985493789195
RWDD2B_Rwdd2b,0,0.497436731138697,0.502563268861303
LGALS2_Lgals2,0,0,1
CCNA1_Ccna1,0.800291600985888,0.0177574181577666,0.181950980856345
TTLL8_Ttll8,0.500602044040261,0.259694566154663,0.239703389805076
HUNK_Hunk,0.249201793191238,0.346002883568923,0.404795323239838
MRTFA_Mrtfa,0.374717597094285,0.554541657538889,0.0707407453668261
SUMO3_Sumo3,0,0.787889239832229,0.212110760167771
USPL1_Uspl1,0.305028116461807,0,0.694971883538193
ZBTB21_Zbtb21,0.326689473657379,0.402189783574274,0.271120742768347
CXCR3_Cxcr3,0,0.456893610528103,0.543106389471897
RSPH1_Rsph1,0.659041401447971,0,0.340958598552029
CKAP2_Ckap2,0.239199124193151,0.490523184263809,0.27027769154304
UBL4A_Ubl4a,0.203606548347962,0.655722001386319,0.140671450265718
PDE9A_Pde9a,0.112670471425982,0.529561026290216,0.357768502283802
DSG3_Dsg3,0.620964279458645,2.11213400924069e-10,0.379035720330142
TBX1_Tbx1,0.356154411284205,0.181230039590583,0.462615549125212
SLC25A15_Slc25a15,0.429714879346794,0.000292216439887759,0.569992904213318
MSL3_Msl3,0,0.706931254921533,0.293068745078467
COLEC12_Colec12,0,0.0773358697681404,0.92266413023186
EBPL_Ebpl,0.203601025012251,0.668244120272138,0.128154854715611
PITPNB_Pitpnb,0.0029982225556939,0.239727071730621,0.757274705713685
DSG2_Dsg2,0.409315422350507,0.128971515386018,0.461713062263475
SAP18_Sap18b,0.136416211172596,0.655646777878587,0.207937010948817
DOCK9_Dock9,0.44463561523042,0.0769363781589604,0.478428006610619
MN1_Mn1,0,0.120288639372062,0.879711360627938
SERPINB8_Serpinb8,0.247535191843945,0.117270206628769,0.635194601527286
TTR_Ttr,0.319332631803861,0.166220300082055,0.514447068114085
DSC2_Dsc2,0.267595384569988,5.68784238078245e-10,0.732404614861228
TEX29_Tex29,0.576799956339413,0.171298155937537,0.251901887723049
CLDN10_Cldn10,0.545197415598952,0.00749841122127201,0.447304173179776
EEF1AKMT1_Eef1akmt1,0,0.380479566791934,0.619520433208066
PROZ_Proz,0.514177690277038,0.141560335163411,0.344261974559551
VPREB3_Vpreb3,0.0266167458826357,0.234925224265524,0.73845802985184
RIBC2_Ribc2,0.794827763777631,0,0.205172236222369
PDXP_Pdxp,0,0.634671304042746,0.365328695957254
SELENOM_Selenom,0.284084155032746,0.562639205244875,0.153276639722379
COL4A2_Col4a2,0.539850601892595,0.242733392783727,0.217416005323678
TLR7_Tlr7,0,0,1
RAB20_Rab20,0.438712645284603,0.0409009743590449,0.520386380356352
CUL4A_Cul4a,0.0979586872830466,0.643943103671704,0.25809820904525
SYN3_Syn3,0.185107948775284,0.444026172024857,0.37086587919986
ATXN10_Atxn10,0.210432752893596,0.601007109966991,0.188560137139413
SSX3_Ssxb6,0.983454603580135,6.39483336553352e-07,0.0165447569365286
WNT7B_Wnt7b,0.340656060827173,0.429572824242898,0.229771114929929
PIGA_Piga,0.273026800440025,1.4904615099781e-09,0.726973198069514
PIAS2_Pias2,0.24229921989031,0.689006949571508,0.0686938305381818
MOV10L1_Mov10l1,0.288460304813747,0,0.711539695186253
FLT1_Flt1,0.289097118278685,0.380564346555767,0.330338535165548
SERPINB5_Serpinb5,0.256933226249682,0,0.743066773750317
CXorf65_Gm614,0.230493609470501,0.059302773777911,0.710203616751587
FAM83F_Fam83f,0.32984423327049,0.2329486567548,0.43720710997471
NOL4_Nol4,0.819046845621361,6.58294279771335e-11,0.18095315431281
SHANK3_Shank3,0.407481790147406,0.185599024077178,0.406919185775416
NEXMIF_Nexmif,0.715051091022946,1.79925079877234e-10,0.284948908797129
PRR5_Prr5,0.163104331249445,0.707645163089778,0.129250505660777
PRPS1_Prps1,0,0.438134355741937,0.561865644258063
SETBP1_Setbp1,0.214382368163495,0.334315260896431,0.451302370940073
FBXO15_Fbxo15,0.590510900348219,0.230500235579365,0.178988864072416
ATP7B_Atp7b,0.472829455262458,2.31614519855732e-10,0.527170544505927
KCTD1_Kctd1,0.337633003929656,0.323540823555385,0.338826172514959
DOK6_Dok6,0.120599744899894,0.654340149326683,0.225060105773424
TTLL12_Ttll12,0.268790839920124,0.411036182266227,0.320172977813649
SERPINB7_Serpinb7,0.595026471471353,0.113168090951448,0.291805437577199
INPP5J_Inpp5j,0.471762081636345,0.394657140716793,0.133580777646862
ZNF521_Zfp521,0.615748594503279,2.07352751900516e-10,0.384251405289368
ATRX_Atrx,0.267166186159689,0.247131737122837,0.485702076717474
SEC11C_Sec11c,0.180835377469876,0.0518512262533139,0.76731339627681
HSBP1L1_Hsbp1l1,0.0118728135626288,0.622175149281815,0.365952037155556
ZFYVE19_Zfyve19,0.0126202742142,0.958766868588202,0.0286128571975975
AQP4_Aqp4,0.514699590528093,3.21783549871242e-10,0.485300409150123
SGCZ_Sgcz,0.481251664190456,0.0784061733215379,0.440342162488006
STC1_Stc1,0.291375630488736,0.344706112727366,0.363918256783898
UNC5D_Unc5d,0.507007171515431,0,0.492992828484569
MYO5B_Myo5b,0.20529263732979,0.678672926918157,0.116034435752053
GABRG3_Gabrg3,0.573306554469242,0.205130795012135,0.221562650518623
PRTG_Prtg,0,0.0461480691518213,0.953851930848179
VSIG1_Vsig1,0.577494344840689,3.98677661306892e-09,0.422505651172534
SHC4_Shc4,0.722211949284654,0,0.277788050715346
DPYSL2_Dpysl2,0.524151779949748,0.40899398862893,0.0668542314213217
ARHGAP36_Arhgap36,0,0.136431612724095,0.863568387275905
KIAA1328_AW554918,0.448043259856877,0.345207731454896,0.206749008688228
FRMD5_Frmd5,0.391522607484939,0.250117423265815,0.358359969249246
ATP12A_Atp12a,0,0,1
MRPL57_Mrpl57,0.0509672530237214,0.84668781874933,0.102344928226949
INTS6_Ints6,0.182734898826437,0.626826320416263,0.190438780757299
SLC25A37_Slc25a37,2.94088457273345e-10,0.519904208297972,0.480095791407939
PCYT1B_Pcyt1b,0.791970078259857,0,0.208029921740143
RNF125_Rnf125,0.163152785342287,0.404951866934196,0.431895347723518
MBOAT4_Mboat4,0.0176184964673047,0,0.982381503532695
NPTXR_Nptxr,0.741911271368102,2.49378612173943e-10,0.258088728382519
DOCK5_Dock5,0,0.194319769413824,0.805680230586177
ARX_Arx,0.84142924592976,0,0.15857075407024
MTCL1_Mtcl1,0.204834197872115,0.286419898253506,0.50874590387438
HERC1_Herc1,0.475807610960157,0.24342539594811,0.280766993091734
LPIN2_Lpin2,0.635899282990684,0,0.364100717009316
TAF7L_Taf7l,0.748051860667957,0.095459556059629,0.156488583272414
LEPROTL1_Leprotl1,0.179222942949705,0.0279004224653768,0.792876634584918
TEX11_Tex11,0.542468810611203,0.0280146555149448,0.429516533873852
GTF2F2_Gtf2f2,0.0495358734895274,0.667607675326867,0.282856451183606
ADRA1A_Adra1a,0.220281100679979,0.02514825651809,0.754570642801931
SKOR1_Skor1,0.529514450749406,0,0.470485549250594
NKX3-1_Nkx3-1,0.00905262450014167,0.770783897813256,0.220163477686602
NUDT15_Nudt15,0.00284739494484409,0.932205893164181,0.0649467118909746
KLHL14_Klhl14,0.651822387022265,0.0887160961335586,0.259461516844176
PAN3_Pan3,0.210951311671503,0.350320830257109,0.438727858071388
TPGS2_Tpgs2,0.67147004427151,0.0169504913916053,0.311579464336885
GCHFR_Gchfr,0.172913358424657,0.665766081343313,0.16132056023203
KIF13B_Kif13b,0.0187411596627774,0.581355030629015,0.399903809708207
BCORL1_Bcorl1,0.481274053112893,0.0390998357268632,0.479626111160243
TEX30_Tex30,0.786198423940576,0.0555445945762402,0.158256981483184
REC114_Rec114,0.347518645883682,0.125918147263303,0.526563206853015
TBC1D21_Tbc1d21,0.841152380427233,0,0.158847619572767
ESX1_Esx1,0.943586413826915,0.0090849410861957,0.047328645086889
POFUT2_Pofut2,0.066655657452229,0.887227687430124,0.0461166551176475
SASH3_Sash3,0.0664642959498815,2.54263804160851e-10,0.933535703795855
FEM1B_Fem1b,0.299228622998642,0.442155635833071,0.258615741168287
DCLK1_Dclk1,0.856692477857806,0,0.143307522142194
HCN4_Hcn4,0.318420335499508,0.123676910264536,0.557902754235955
SRPX2_Srpx2,0.651156942148781,1.81120436334205e-10,0.348843057670099
R3HCC1_R3hcc1,0.247255494059256,0.638594834729238,0.114149671211506
FBXL3_Fbxl3,0.0536133872147695,0.713296371163602,0.233090241621628
CXorf66_Gm7073,0.990224047872726,4.71268944236332e-07,0.00977548085832976
CCBE1_Ccbe1,0.0835572179650694,0.0394474223631894,0.876995359671741
NETO1_Neto1,0.533296466725532,0.0413617817307701,0.425341751543698
HYKK_Hykk,0.250236532689645,0,0.749763467310355
CNMD_Cnmd,0.218851807689032,0.248563619627482,0.532584572683486
CSTB_Cstb,0.33399395146958,0.101062438045646,0.564943610484774
MAGEB18_Mageb18,0.822045190018449,0.00749759272179155,0.170457217259759
MAGEB6_Mageb2,0.995143994393429,1.22657768801749e-07,0.00485588294880187
MAGEB5_Mageb5,0.921513959690493,1.07175949929287e-05,0.078475322714514
ZFHX4_Zfhx4,0.408283591666889,0.0277239727416872,0.563992435591423
LARP6_Larp6,0.492024912481683,0.36856410793166,0.139410979586656
RNMT_Rnmt,0.28169593300787,0.416000821891064,0.302303245101066
RORA_Rora,0,0.56241805161161,0.43758194838839
HNF4G_Hnf4g,0.397168170774352,0.102268216433576,0.500563612792072
SMIM10L2B_Smim10l2a,0.620067716516194,0.00215500992999883,0.377777273553807
DGKH_Dgkh,0.344750965676142,0,0.655249034323858
BRWD1_Brwd1,0.143385504592254,0.795177738708426,0.0614367566993199
MMP16_Mmp16,0.712035702574609,0,0.287964297425391
EID1_Eid1,0.0876619572332778,0.810620648512913,0.101717394253809
SLC25A14_Slc25a14,0.652809652446276,0,0.347190347553724
RTTN_Rttn,0.160924884620763,0.592464156906327,0.24661095847291
IGF1R_Igf1r,0.829147582504181,0,0.170852417495819
CA13_Car13,0,0,1
FSBP_Fsbp,0.228298381305755,0,0.771701618694245
MCF2L_Mcf2l,0.312968609452748,0.410929213696449,0.276102176850804
RALYL_Ralyl,0.702218041470043,0,0.297781958529957
CEP152_Cep152,0.297854822245461,0,0.702145177754539
KCNV1_Kcnv1,0.725312115469461,0.0131644912222467,0.261523393308292
CHRNB3_Chrnb3,0.880788292103337,0.00406802051833757,0.115143687378325
PHEX_Phex,0.290275100254085,0.3130795062272,0.396645393518714
KCNS2_Kcns2,0.430249370324462,0.368550037004696,0.201200592670842
PDXK_Pdxk,0.0611587408263325,0.31766883505961,0.621172424114058
SNAI2_Snai2,0.479092850199182,0.0946722347778378,0.42623491502298
MAGEB2_Mageb4,0.790419833561431,0.000785857324065252,0.208794309114504
SIX4_Six4,0.686358930394367,0.0647339124816334,0.248907157123999
FBXO43_Fbxo43,0.732315760731942,0,0.267684239268058
GABRE_Gabre,0.588827074797097,0.168753268931811,0.242419656271092
CCDC175_Ccdc175,0.767274669648492,0,0.232725330351508
NCALD_Ncald,0.555922310918549,0,0.444077689081451
FRMPD3_Frmpd3,0.509019787833424,0.0625657829326125,0.428414429233964
TYMS_Tyms,0,0.670520870079263,0.329479129920737
TMEM35A_Tmem35a,0.644214942757586,0.013422412333248,0.342362644909166
SAT1_Sat1,0.188506422442239,0.632843823949003,0.178649753608758
STARD8_Stard8,0.297891927311383,0.616328634778653,0.0857794379099631
ODF1_Odf1,0.791589459425846,0,0.208410540574154
CYB5A_Cyb5a,0.28822870131059,0.674587351523983,0.0371839471654274
B3GALT5_B3galt5,0.453632891850488,0.0895031497189258,0.456863958430587
CCDC177_Ccdc177,0.677790118181017,0.0572355367391703,0.264974345079813
KCNH5_Kcnh5,0.686990397925413,0.0110089735036634,0.302000628570924
CTAG2_Ctag2,0.67005932729542,0,0.32994067270458
PMAIP1_Pmaip1,0.23837483003926,0.226669389314235,0.534955780646505
PKHD1L1_Pkhd1l1,0.0986479618391765,4.76450008245804e-10,0.901352037684374
TTC39C_Ttc39c,0.475591859995876,0.274550253730866,0.249857886273258
AMOT_Amot,0.25665691497153,0.216222389377475,0.527120695650995
USP25_Usp25,0.511160217677696,0.00259591822586858,0.486243864096435
SKA3_Ska3,0.540115513829171,4.94260750591823e-11,0.459884486121403
ELL3_Ell3,0.0269475946412078,0.646614950255657,0.326437455103135
SPTSSA_Sptssa,0.216811604489682,0.33414472376732,0.449043671742997
SLC35F4_Slc35f4,0.678155019705201,2.04237512676416e-10,0.321844980090562
METTL4_Mettl4,0,0,1
PDS5B_Pds5b,0.36952307939313,0.24427804429701,0.38619887630986
LY6D_Ly6d,0,0.82903696242642,0.17096303757358
TG_Tg,0.15656949948528,0.0228381180402134,0.820592382474507
SKA1_Ska1,0.662628678887808,0.161131111101652,0.176240210010539
NKX2-4_Nkx2-4,0.768179417959576,8.36986559069256e-06,0.231812212174834
RGS6_Rgs6,0.732142834093316,0,0.267857165906683
NKX2-2_Nkx2-2,0.540955202806818,0,0.459044797193182
C18orf54_4930503L19Rik,0.450032596054005,0.384120471906029,0.165846932039965
PCDH11X_Pcdh11x,0.50710766599772,0.37535799425105,0.11753433975123
RCL1_Rcl1,0.493099992734804,0.405194458239107,0.101705549026089
SNX33_Snx33,0.714761178019359,0.154347900116724,0.130890921863918
CATSPER2_Catsper2,0.129101106343538,0.486178363499315,0.384720530157148
SNAI1_Snai1,0.38252139043793,0.422662097547047,0.194816512015022
PNMA3_Pnma3,0.50430436772313,0.164208957720478,0.331486674556392
F9_F9,0.906753266111079,0,0.0932467338889212
HAUS1_Haus1,0,0.315806630882544,0.684193369117456
DMRTA1_Dmrta1,0,0.104182753598255,0.895817246401745
LURAP1L_Lurap1l,0.441470137595977,0,0.558529862404023
FMR1NB_Fmr1nb,0.699206333554563,0.019356098042407,0.28143756840303
MAGEA10_Magea8,0.982586504018678,3.1943467873079e-07,0.0174131765466434
GML_Gml2,0.726937615642787,0,0.273062384357213
PAX5_Pax5,0.117931974827106,0.533879514238508,0.348188510934387
CD93_Cd93,0.392858126786581,0.422396374009415,0.184745499204004
SLC12A6_Slc12a6,0.28681559948411,0.592778194089961,0.120406206425929
LYPD2_Lypd2,0.286925993528305,0.0992234975505403,0.613850508921155
FRMD7_Frmd7,0,0.101489782482561,0.898510217517439
PROSER1_Proser1,0.260597272820983,0.460748729744643,0.278653997434373
CSMD3_Csmd3,0.878446895394385,0,0.121553104605615
RBBP8_Rbbp8,0.154274737769921,0.643608373639228,0.202116888590851
CDK8_Cdk8,0.0546881743056997,0.767464408040934,0.177847417653367
NDUFV3_Ndufv3,0.0252246146386247,0.927198881805985,0.0475765035553898
GABRQ_Gabrq,0.324177734514595,0,0.675822265485405
PNMA5_Pnma5,0.766630119699464,5.15000616800619e-08,0.233369828800474
KCNE1_Kcne1,0,0.115014210389005,0.884985789610995
NHS_Nhs,0.57553426979809,0.243357657660324,0.181108072541586
VPS26C_Vps26c,0,0.918425920167587,0.0815740798324132
FAM120C_Fam120c,0.261839864443857,0,0.738160135556143
TMEM185A_Tmem185a,0.0124375638613977,0.942883801387392,0.0446786347512105
DACH2_Dach2,0.448789969743666,1.55517909236021e-08,0.551210014704543
CCDC85C_Ccdc85c,0.00515192130011922,0.96085429253617,0.0339937861637109
SNTB1_Sntb1,0.262715463293116,0.108279219210792,0.629005317496092
ATXN3L_Atxn3,0.105036004518576,0.880351127375502,0.0146128681059215
IMPA2_Impa2,0.0631449142964608,0,0.936855085703539
ARHGEF7_Arhgef7,0.157095010360884,0.697097794042676,0.14580719559644
BRCC3_Brcc3,0.227212240725565,0,0.772787759274435
DOP1B_Dop1b,0,0.90495719248032,0.0950428075196801
HAS2_Has2,0.139229444917714,0.62571416783108,0.235056387251205
TEX13D_Tex13c1,0.966529543721104,5.70771369340563e-07,0.0334698855075265
B4GALT6_B4galt6,0.591312858695879,0,0.408687141304121
CLBA1_Clba1,0.411099201564093,0.479312957006794,0.109587841429112
CHIC1_Chic1,0.0777922861775983,0.607576774111577,0.314630939710825
SLC28A3_Slc28a3,0.160661113992204,0,0.839338886007796
AHNAK2_Ahnak2,0.570054338965995,0,0.429945661034005
CCN4_Ccn4,0.142151799339837,0.357303240004755,0.500544960655408
TRAPPC8_Trappc8,0,0.173759494961022,0.826240505038978
TYRP1_Tyrp1,0.267704393799914,0.472077236364634,0.260218369835452
PI15_Pi15,0.270290728713295,0.1334662509271,0.596243020359605
ATP7A_Atp7a,0.883276814825367,0,0.116723185174633
GNA14_Gna14,0.524615021211407,0,0.475384978788593
TSPEAR_Tspear,0,0.470083000226616,0.529916999773384
SCRT1_Scrt1,0.55480070637735,0.209917853082406,0.235281440540244
SLC39A4_Slc39a4,0,0.366746249462191,0.633253750537809
GRIN3A_Grin3a,0.237424169685549,4.01089563580583e-10,0.762575829913362
THTPA_Thtpa,0,0.804819020777875,0.195180979222125
CYLC2_Cylc2,0.945938538281232,0.000174718905119427,0.0538867428136481
BARX1_Barx1,0.335585091790732,3.24279333432271e-06,0.664411665415933
TCL1A_Tcl1,0.0763843879634742,0,0.923615612036526
CXADR_Cxadr,0,0.348599068606218,0.651400931393782
NDRG1_Ndrg1,0.423946018500993,0,0.576053981499007
VPS13A_Vps13a,0.279031487571684,0.0326987369958968,0.68826977543242
SALL3_Sall3,0.84747027397187,0.0748568041487128,0.0776729218794174
TGIF1_Tgif1,0.284891350379218,0.547337641573371,0.167771008047411
